8.5 5.0
8.472401454600673 5.4386663174750645
8.390041063950209 5.870414605076991
8.25421770060888 6.288435934396373
8.067073380153523 6.686137859356004
7.8315594803123165 7.057248383023656
7.551390195974941 7.395914870750411
7.230983964120414 7.696796349715262
6.875393782426488 7.955147739257052
6.490227520477753 8.166894683631067
6.081559480312316 8.328697807033038
5.655834601050035 8.438005377550411
5.219766818352595 8.493093549498951
4.780233181647402 8.493093549498951
4.344165398949962 8.438005377550411
3.9184405196876826 8.328697807033038
3.509772479522244 8.166894683631067
3.12460621757351 7.955147739257052
2.769016035879585 7.696796349715261
2.4486098040250592 7.39591487075041
2.1684405196876844 7.057248383023657
1.9329266198464778 6.686137859356005
1.745782299391121 6.288435934396375
1.6099589360497917 5.870414605076993
1.5275985453993277 5.438666317475067
1.5 5.0000000000000036
1.5275985453993268 4.561333682524939
1.6099589360497895 4.129585394923014
1.7457822993911174 3.711564065603633
1.9329266198464747 3.3138621406440016
2.16844051968768 2.9427516169763495
2.4486098040250543 2.6040851292495955
2.7690160358795795 2.3032036502847433
3.124606217573505 2.0448522607429513
3.509772479522236 1.8331053163689361
3.9184405196876746 1.6713021929669654
4.344165398949952 1.5619946224495918
4.780233181647391 1.5069064505010505
5.219766818352583 1.5069064505010488
5.655834601050023 1.5619946224495873
6.081559480312303 1.6713021929669583
6.49022752047774 1.833105316368925
6.8753937824264755 2.044852260742939
7.230983964120401 2.3032036502847264
7.551390195974928 2.6040851292495772
7.831559480312306 2.942751616976331
8.067073380153513 3.3138621406439803
8.254217700608873 3.71156406560361
8.390041063950203 4.129585394922988
8.47240145460067 4.561333682524915
12.0 5.0
11.944802909201346 5.87733263495013
11.780082127900418 6.740829210153984
11.50843540121776 7.576871868792746
11.134146760307045 8.372275718712007
10.663118960624633 9.114496766047312
10.102780391949882 9.791829741500822
9.461967928240828 10.393592699430524
8.750787564852976 10.910295478514104
7.980455040955507 11.333789367262137
7.163118960624631 11.657395614066075
6.31166920210007 11.876010755100822
5.439533636705192 11.9861870989979
4.560466363294803 11.9861870989979
3.6883307978999245 11.87601075510082
2.8368810393753656 11.657395614066074
2.019544959044488 11.333789367262135
1.2492124351470197 10.910295478514104
0.5380320717591696 10.393592699430522
-0.10278039194988153 9.79182974150082
-0.6631189606246313 9.114496766047314
-1.1341467603070443 8.37227571871201
-1.508435401217758 7.57687186879275
-1.7800821279004166 6.740829210153986
-1.9448029092013446 5.877332634950135
-2.0 5.000000000000007
-1.9448029092013464 4.122667365049879
-1.780082127900421 3.259170789846027
-1.5084354012177652 2.423128131207266
-1.1341467603070505 1.6277242812880033
-0.6631189606246402 0.8855032339526989
-0.1027803919498913 0.2081702584991909
0.5380320717591589 -0.39359269943051345
1.24921243514701 -0.9102954785140973
2.0195449590444725 -1.3337893672621277
2.836881039375349 -1.6573956140660693
3.688330797899903 -1.8760107551008165
4.560466363294783 -1.986187098997899
5.439533636705165 -1.9861870989979025
6.311669202100045 -1.8760107551008254
7.163118960624606 -1.6573956140660835
7.98045504095548 -1.33378936726215
8.750787564852951 -0.9102954785141222
9.461967928240801 -0.3935926994305472
10.102780391949857 0.2081702584991545
10.663118960624612 0.8855032339526616
11.134146760307027 1.6277242812879602
11.508435401217746 2.4231281312072204
11.780082127900407 3.2591707898459763
11.94480290920134 4.12266736504983
-1.5 5.0
-1.5275985453993273 5.4386663174750645
-1.6099589360497912 5.870414605076991
-1.74578229939112 6.288435934396373
-1.9329266198464774 6.686137859356004
-2.168440519687684 7.057248383023656
-2.4486098040250597 7.395914870750411
-2.769016035879586 7.696796349715262
-3.124606217573512 7.955147739257052
-3.5097724795222467 8.166894683631067
-3.9184405196876844 8.328697807033038
-4.344165398949965 8.438005377550411
-4.780233181647405 8.493093549498951
-5.219766818352598 8.493093549498951
-5.655834601050038 8.438005377550411
-6.081559480312317 8.328697807033038
-6.490227520477756 8.166894683631067
-6.875393782426491 7.955147739257052
-7.230983964120416 7.696796349715261
-7.551390195974941 7.39591487075041
-7.831559480312316 7.057248383023657
-8.067073380153522 6.686137859356005
-8.25421770060888 6.288435934396375
-8.390041063950209 5.870414605076993
-8.472401454600671 5.438666317475067
-8.5 5.0000000000000036
-8.472401454600673 4.561333682524939
-8.39004106395021 4.129585394923014
-8.254217700608883 3.711564065603633
-8.067073380153525 3.3138621406440016
-7.83155948031232 2.9427516169763495
-7.551390195974946 2.6040851292495955
-7.230983964120421 2.3032036502847433
-6.875393782426495 2.0448522607429513
-6.490227520477764 1.8331053163689361
-6.081559480312325 1.6713021929669654
-5.655834601050048 1.5619946224495918
-5.219766818352609 1.5069064505010505
-4.780233181647417 1.5069064505010488
-4.344165398949977 1.5619946224495873
-3.918440519687697 1.6713021929669583
-3.50977247952226 1.833105316368925
-3.1246062175735245 2.044852260742939
-2.7690160358795994 2.3032036502847264
-2.4486098040250712 2.6040851292495772
-2.1684405196876937 2.942751616976331
-1.9329266198464863 3.3138621406439803
-1.7457822993911267 3.71156406560361
-1.6099589360497961 4.129585394922988
-1.5275985453993304 4.561333682524915
2.0 5.0
1.9448029092013455 5.87733263495013
1.7800821279004175 6.740829210153984
1.5084354012177599 7.576871868792746
1.1341467603070452 8.372275718712007
0.6631189606246322 9.114496766047312
0.10278039194988065 9.791829741500822
-0.5380320717591722 10.393592699430524
-1.2492124351470242 10.910295478514104
-2.019544959044493 11.333789367262137
-2.836881039375369 11.657395614066075
-3.68833079789993 11.876010755100822
-4.560466363294808 11.9861870989979
-5.439533636705197 11.9861870989979
-6.3116692021000755 11.87601075510082
-7.163118960624635 11.657395614066074
-7.980455040955512 11.333789367262135
-8.750787564852981 10.910295478514104
-9.461967928240831 10.393592699430522
-10.102780391949882 9.79182974150082
-10.663118960624631 9.114496766047314
-11.134146760307043 8.37227571871201
-11.508435401217758 7.57687186879275
-11.780082127900418 6.740829210153986
-11.944802909201345 5.877332634950135
-12.0 5.000000000000007
-11.944802909201346 4.122667365049879
-11.780082127900421 3.259170789846027
-11.508435401217765 2.423128131207266
-11.13414676030705 1.6277242812880033
-10.66311896062464 0.8855032339526989
-10.102780391949892 0.2081702584991909
-9.461967928240842 -0.39359269943051345
-8.75078756485299 -0.9102954785140973
-7.980455040955528 -1.3337893672621277
-7.163118960624651 -1.6573956140660693
-6.311669202100097 -1.8760107551008165
-5.439533636705217 -1.986187098997899
-4.560466363294835 -1.9861870989979025
-3.6883307978999547 -1.8760107551008254
-2.836881039375393 -1.6573956140660835
-2.0195449590445196 -1.33378936726215
-1.249212435147049 -0.9102954785141222
-0.5380320717591989 -0.3935926994305472
0.10278039194985755 0.2081702584991545
0.6631189606246126 0.8855032339526616
1.1341467603070274 1.6277242812879602
1.5084354012177466 2.4231281312072204
1.7800821279004078 3.2591707898459763
1.9448029092013392 4.12266736504983
-1.5 -5.0
-1.5275985453993273 -4.5613336825249355
-1.6099589360497912 -4.129585394923009
-1.74578229939112 -3.711564065603627
-1.9329266198464774 -3.3138621406439963
-2.168440519687684 -2.942751616976344
-2.4486098040250597 -2.6040851292495892
-2.769016035879586 -2.3032036502847375
-3.124606217573512 -2.0448522607429473
-3.5097724795222467 -1.8331053163689317
-3.9184405196876844 -1.6713021929669623
-4.344165398949965 -1.5619946224495895
-4.780233181647405 -1.5069064505010497
-5.219766818352598 -1.5069064505010497
-5.655834601050038 -1.56199462244959
-6.081559480312317 -1.6713021929669631
-6.490227520477756 -1.8331053163689321
-6.875393782426491 -2.0448522607429482
-7.230983964120416 -2.303203650284739
-7.551390195974941 -2.60408512924959
-7.831559480312316 -2.9427516169763437
-8.067073380153522 -3.3138621406439954
-8.25421770060888 -3.711564065603625
-8.390041063950209 -4.129585394923007
-8.472401454600671 -4.561333682524933
-8.5 -4.9999999999999964
-8.472401454600673 -5.438666317475061
-8.39004106395021 -5.870414605076986
-8.254217700608883 -6.288435934396367
-8.067073380153525 -6.686137859355998
-7.83155948031232 -7.0572483830236505
-7.551390195974946 -7.3959148707504045
-7.230983964120421 -7.696796349715257
-6.875393782426495 -7.955147739257049
-6.490227520477764 -8.166894683631064
-6.081559480312325 -8.328697807033034
-5.655834601050048 -8.438005377550407
-5.219766818352609 -8.49309354949895
-4.780233181647417 -8.493093549498951
-4.344165398949977 -8.438005377550413
-3.918440519687697 -8.328697807033041
-3.50977247952226 -8.166894683631075
-3.1246062175735245 -7.955147739257061
-2.7690160358795994 -7.696796349715274
-2.4486098040250712 -7.395914870750422
-2.1684405196876937 -7.057248383023669
-1.9329266198464863 -6.68613785935602
-1.7457822993911267 -6.288435934396389
-1.6099589360497961 -5.870414605077012
-1.5275985453993304 -5.438666317475085
2.0 -5.0
1.9448029092013455 -4.12266736504987
1.7800821279004175 -3.2591707898460163
1.5084354012177599 -2.423128131207254
1.1341467603070452 -1.6277242812879926
0.6631189606246322 -0.8855032339526883
0.10278039194988065 -0.20817025849917847
-0.5380320717591722 0.393592699430525
-1.2492124351470242 0.9102954785141053
-2.019544959044493 1.3337893672621366
-2.836881039375369 1.6573956140660755
-3.68833079789993 1.876010755100821
-4.560466363294808 1.9861870989979007
-5.439533636705197 1.9861870989979007
-6.3116692021000755 1.87601075510082
-7.163118960624635 1.6573956140660737
-7.980455040955512 1.3337893672621357
-8.750787564852981 0.9102954785141035
-9.461967928240831 0.39359269943052233
-10.102780391949882 -0.20817025849918025
-10.663118960624631 -0.8855032339526874
-11.134146760307043 -1.6277242812879908
-11.508435401217758 -2.42312813120725
-11.780082127900418 -3.2591707898460136
-11.944802909201345 -4.122667365049865
-12.0 -4.999999999999993
-11.944802909201346 -5.877332634950121
-11.780082127900421 -6.740829210153973
-11.508435401217765 -7.576871868792734
-11.13414676030705 -8.372275718711997
-10.66311896062464 -9.114496766047301
-10.102780391949892 -9.791829741500809
-9.461967928240842 -10.393592699430513
-8.75078756485299 -10.910295478514097
-7.980455040955528 -11.333789367262128
-7.163118960624651 -11.657395614066068
-6.311669202100097 -11.876010755100816
-5.439533636705217 -11.986187098997899
-4.560466363294835 -11.986187098997902
-3.6883307978999547 -11.876010755100825
-2.836881039375393 -11.657395614066083
-2.0195449590445196 -11.333789367262149
-1.249212435147049 -10.910295478514122
-0.5380320717591989 -10.393592699430547
0.10278039194985755 -9.791829741500845
0.6631189606246126 -9.114496766047338
1.1341467603070274 -8.37227571871204
1.5084354012177466 -7.57687186879278
1.7800821279004078 -6.740829210154024
1.9448029092013392 -5.87733263495017
8.5 -5.0
8.472401454600673 -4.5613336825249355
8.390041063950209 -4.129585394923009
8.25421770060888 -3.711564065603627
8.067073380153523 -3.3138621406439963
7.8315594803123165 -2.942751616976344
7.551390195974941 -2.6040851292495892
7.230983964120414 -2.3032036502847375
6.875393782426488 -2.0448522607429473
6.490227520477753 -1.8331053163689317
6.081559480312316 -1.6713021929669623
5.655834601050035 -1.5619946224495895
5.219766818352595 -1.5069064505010497
4.780233181647402 -1.5069064505010497
4.344165398949962 -1.56199462244959
3.9184405196876826 -1.6713021929669631
3.509772479522244 -1.8331053163689321
3.12460621757351 -2.0448522607429482
2.769016035879585 -2.303203650284739
2.4486098040250592 -2.60408512924959
2.1684405196876844 -2.9427516169763437
1.9329266198464778 -3.3138621406439954
1.745782299391121 -3.711564065603625
1.6099589360497917 -4.129585394923007
1.5275985453993277 -4.561333682524933
1.5 -4.9999999999999964
1.5275985453993268 -5.438666317475061
1.6099589360497895 -5.870414605076986
1.7457822993911174 -6.288435934396367
1.9329266198464747 -6.686137859355998
2.16844051968768 -7.0572483830236505
2.4486098040250543 -7.3959148707504045
2.7690160358795795 -7.696796349715257
3.124606217573505 -7.955147739257049
3.509772479522236 -8.166894683631064
3.9184405196876746 -8.328697807033034
4.344165398949952 -8.438005377550407
4.780233181647391 -8.49309354949895
5.219766818352583 -8.493093549498951
5.655834601050023 -8.438005377550413
6.081559480312303 -8.328697807033041
6.49022752047774 -8.166894683631075
6.8753937824264755 -7.955147739257061
7.230983964120401 -7.696796349715274
7.551390195974928 -7.395914870750422
7.831559480312306 -7.057248383023669
8.067073380153513 -6.68613785935602
8.254217700608873 -6.288435934396389
8.390041063950203 -5.870414605077012
8.47240145460067 -5.438666317475085
12.0 -5.0
11.944802909201346 -4.12266736504987
11.780082127900418 -3.2591707898460163
11.50843540121776 -2.423128131207254
11.134146760307045 -1.6277242812879926
10.663118960624633 -0.8855032339526883
10.102780391949882 -0.20817025849917847
9.461967928240828 0.393592699430525
8.750787564852976 0.9102954785141053
7.980455040955507 1.3337893672621366
7.163118960624631 1.6573956140660755
6.31166920210007 1.876010755100821
5.439533636705192 1.9861870989979007
4.560466363294803 1.9861870989979007
3.6883307978999245 1.87601075510082
2.8368810393753656 1.6573956140660737
2.019544959044488 1.3337893672621357
1.2492124351470197 0.9102954785141035
0.5380320717591696 0.39359269943052233
-0.10278039194988153 -0.20817025849918025
-0.6631189606246313 -0.8855032339526874
-1.1341467603070443 -1.6277242812879908
-1.508435401217758 -2.42312813120725
-1.7800821279004166 -3.2591707898460136
-1.9448029092013446 -4.122667365049865
-2.0 -4.999999999999993
-1.9448029092013464 -5.877332634950121
-1.780082127900421 -6.740829210153973
-1.5084354012177652 -7.576871868792734
-1.1341467603070505 -8.372275718711997
-0.6631189606246402 -9.114496766047301
-0.1027803919498913 -9.791829741500809
0.5380320717591589 -10.393592699430513
1.24921243514701 -10.910295478514097
2.0195449590444725 -11.333789367262128
2.836881039375349 -11.657395614066068
3.688330797899903 -11.876010755100816
4.560466363294783 -11.986187098997899
5.439533636705165 -11.986187098997902
6.311669202100045 -11.876010755100825
7.163118960624606 -11.657395614066083
7.98045504095548 -11.333789367262149
8.750787564852951 -10.910295478514122
9.461967928240801 -10.393592699430547
10.102780391949857 -9.791829741500845
10.663118960624612 -9.114496766047338
11.134146760307027 -8.37227571871204
11.508435401217746 -7.57687186879278
11.780082127900407 -6.740829210154024
11.94480290920134 -5.87733263495017
