7.5 5.0
7.283863644106502 6.016841607689501
6.672826515897146 6.857862063693485
5.772542485937368 7.377641290737884
4.7386788418308665 7.486304738420683
3.7500000000000004 7.165063509461097
2.977457514062632 6.469463130731183
2.5546309981654858 5.519779227044398
2.554630998165486 4.480220772955601
2.9774575140626314 3.5305368692688175
3.749999999999999 2.8349364905389036
4.7386788418308665 2.5136952615793167
5.772542485937368 2.622358709262116
6.672826515897144 3.1421379363065136
7.2838636441065026 3.9831583923104996
10.0 5.0
9.567727288213003 7.033683215379002
8.345653031794292 8.71572412738697
6.545084971874737 9.755282581475768
4.477357683661732 9.972609476841367
2.500000000000001 9.330127018922195
0.9549150281252636 7.938926261462367
0.10926199633097156 6.039558454088796
0.10926199633097244 3.9604415459112023
0.9549150281252627 2.061073738537635
2.499999999999998 0.6698729810778072
4.477357683661733 0.02739052315863333
6.545084971874736 0.2447174185242318
8.345653031794289 1.2842758726130272
9.567727288213005 2.9663167846209992
-2.5 5.0
-2.716136355893498 6.016841607689501
-3.3271734841028544 6.857862063693485
-4.227457514062632 7.377641290737884
-5.2613211581691335 7.486304738420683
-6.25 7.165063509461097
-7.022542485937368 6.469463130731183
-7.445369001834514 5.519779227044398
-7.445369001834514 4.480220772955601
-7.022542485937368 3.5305368692688175
-6.250000000000001 2.8349364905389036
-5.2613211581691335 2.5136952615793167
-4.227457514062632 2.622358709262116
-3.3271734841028557 3.1421379363065136
-2.7161363558934974 3.9831583923104996
0.0 5.0
-0.4322727117869958 7.033683215379002
-1.6543469682057088 8.71572412738697
-3.4549150281252627 9.755282581475768
-5.522642316338268 9.972609476841367
-7.499999999999999 9.330127018922195
-9.045084971874736 7.938926261462367
-9.890738003669028 6.039558454088796
-9.890738003669028 3.9604415459112023
-9.045084971874736 2.061073738537635
-7.500000000000002 0.6698729810778072
-5.522642316338267 0.02739052315863333
-3.4549150281252636 0.2447174185242318
-1.654346968205711 1.2842758726130272
-0.4322727117869949 2.9663167846209992
-2.5 -5.0
-2.716136355893498 -3.983158392310499
-3.3271734841028544 -3.1421379363065145
-4.227457514062632 -2.6223587092621163
-5.2613211581691335 -2.5136952615793167
-6.25 -2.834936490538903
-7.022542485937368 -3.5305368692688166
-7.445369001834514 -4.480220772955602
-7.445369001834514 -5.519779227044399
-7.022542485937368 -6.4694631307311825
-6.250000000000001 -7.165063509461096
-5.2613211581691335 -7.486304738420683
-4.227457514062632 -7.377641290737884
-3.3271734841028557 -6.857862063693487
-2.7161363558934974 -6.0168416076895
0.0 -5.0
-0.4322727117869958 -2.966316784620999
-1.6543469682057088 -1.284275872613029
-3.4549150281252627 -0.24471741852423268
-5.522642316338268 -0.02739052315863333
-7.499999999999999 -0.6698729810778064
-9.045084971874736 -2.0610737385376336
-9.890738003669028 -3.9604415459112037
-9.890738003669028 -6.039558454088798
-9.045084971874736 -7.938926261462365
-7.500000000000002 -9.330127018922193
-5.522642316338267 -9.972609476841367
-3.4549150281252636 -9.755282581475768
-1.654346968205711 -8.715724127386974
-0.4322727117869949 -7.033683215379001
7.5 -5.0
7.283863644106502 -3.983158392310499
6.672826515897146 -3.1421379363065145
5.772542485937368 -2.6223587092621163
4.7386788418308665 -2.5136952615793167
3.7500000000000004 -2.834936490538903
2.977457514062632 -3.5305368692688166
2.5546309981654858 -4.480220772955602
2.554630998165486 -5.519779227044399
2.9774575140626314 -6.4694631307311825
3.749999999999999 -7.165063509461096
4.7386788418308665 -7.486304738420683
5.772542485937368 -7.377641290737884
6.672826515897144 -6.857862063693487
7.2838636441065026 -6.0168416076895
10.0 -5.0
9.567727288213003 -2.966316784620999
8.345653031794292 -1.284275872613029
6.545084971874737 -0.24471741852423268
4.477357683661732 -0.02739052315863333
2.500000000000001 -0.6698729810778064
0.9549150281252636 -2.0610737385376336
0.10926199633097156 -3.9604415459112037
0.10926199633097244 -6.039558454088798
0.9549150281252627 -7.938926261462365
2.499999999999998 -9.330127018922193
4.477357683661733 -9.972609476841367
6.545084971874736 -9.755282581475768
8.345653031794289 -8.715724127386974
9.567727288213005 -7.033683215379001
