6.5 5.0
5.463525491562422 6.4265847744427305
3.7864745084375793 5.88167787843871
3.786474508437579 4.11832212156129
5.463525491562421 3.5734152255572695
8.0 5.0
5.927050983124842 7.853169548885461
2.572949016875158 6.76335575687742
2.5729490168751576 3.236644243122581
5.9270509831248415 2.146830451114539
-3.5 5.0
-4.536474508437578 6.4265847744427305
-6.213525491562421 5.88167787843871
-6.213525491562422 4.11832212156129
-4.536474508437579 3.5734152255572695
-2.0 5.0
-4.072949016875158 7.853169548885461
-7.4270509831248415 6.76335575687742
-7.427050983124842 3.236644243122581
-4.0729490168751585 2.146830451114539
-3.5 -5.0
-4.536474508437578 -3.5734152255572695
-6.213525491562421 -4.11832212156129
-6.213525491562422 -5.88167787843871
-4.536474508437579 -6.4265847744427305
-2.0 -5.0
-4.072949016875158 -2.1468304511145395
-7.4270509831248415 -3.2366442431225804
-7.427050983124842 -6.763355756877419
-4.0729490168751585 -7.853169548885461
6.5 -5.0
5.463525491562422 -3.5734152255572695
3.7864745084375793 -4.11832212156129
3.786474508437579 -5.88167787843871
5.463525491562421 -6.4265847744427305
8.0 -5.0
5.927050983124842 -2.1468304511145395
2.572949016875158 -3.2366442431225804
2.5729490168751576 -6.763355756877419
5.9270509831248415 -7.853169548885461
