4.301314318603811 1.6886677464345485
5.418589527445342 7.074588942212639
7.248687379282737 1.284707858479032
6.408667420149303 0.7917663049335673
5.445579003074977 7.022955494556474
2.7865986304543107 6.578326796251311
7.973747885906372 5.613815245999995
4.612471786988307 8.227619840453906
1.6680063691409077 8.00889494605186
3.0078011393730106 4.643655046267335
6.876433250173902 3.8068512874062046
5.929256659244349 2.9696988972495593
4.975876460032326 5.009402993109774
4.402295067669979 5.815039420325901
4.828428444443659 4.015514691018367
5.135883815905852 5.207575982786253
5.955222434530525 9.734217580943241
2.19419366012416 2.961410678061981
4.673096579370546 5.624393763238934
1.7274323106105047 4.971032356440394
4.231872205707882 1.3595556516675233
3.7476086617380613 6.072038720907208
4.998282967633254 4.999565573348075
4.512782063143737 1.22383155566077
5.023570635315055 4.747119221050424
5.943329390527115 2.6113815075366733
4.386686908178731 5.72290081223527
9.145476654986417 6.286381455470696
1.9357632785258123 6.485119101178767
8.813025144974393 2.3316116554166775
-6.417613486286232 7.958011482385007
-2.6894541146002524 3.5308164581404076
-3.5525155455469664 4.741133235302806
-4.867079317402378 3.2366443793994195
-2.900147880363833 6.208279494987133
-6.065780295816557 2.3010836016641076
-4.482723435766921 4.224919345466652
-4.921188939487846 7.545599197243424
-6.229264151025104 5.087154455036043
-4.472579304735399 2.8759277873065057
-3.093917203225277 9.475216144587604
-5.051952618999504 5.17007748626087
-5.263859531362316 5.359802818843501
-3.6971541600756206 7.599634182772901
-4.949671602298817 4.332332175641492
-4.255914338027996 5.106089724711101
-3.2474951902697846 9.555562549268002
-4.092667316980926 6.01374711243427
-7.162977681273703 8.061679997007989
-6.703242899921275 5.663898469034486
-5.927896957122413 2.6502508787470593
-4.975015220870016 4.992004691842709
-1.145052066498724 4.897726873684217
-2.1873132963285076 1.0925169412034084
-3.027288188517145 6.981521574899272
-3.8972283987423704 6.347542695596519
-3.7052410704735426 6.977872460204855
-8.359569300166196 1.911593617705472
-7.397315399058558 9.209246108030477
-6.407615940993325 9.332107539861278
-4.779918870239798 -3.800059092662905
-9.150293823937982 -3.9890672972487797
-7.546790725240895 -4.682854344442742
-4.766801986787839 -4.51336823164638
-6.126463652811842 -3.9079374977868304
-9.800549177195276 -4.185256845799013
-4.973076449288149 -2.967691542242808
-4.907583049702317 -4.580421482824243
-6.017047239341496 -3.903436137455228
-7.35249530892561 -0.8694497490218627
-6.730722688372005 -1.6942760940378023
-4.110110246313281 -4.265107051937234
-4.036052326848072 -5.09412379421688
-5.689143983674916 -4.9633869466307505
-1.324785291685132 -4.104670180332979
-5.966553795828254 -6.448366525830288
-5.195442197876407 -7.09751254600756
-4.512509913270759 -5.4810457023574735
-2.3403324020989498 -3.1033298375547442
-7.254201736276366 -6.433451982485918
-8.489983582176936 -2.3200655198389644
-4.45303576382528 -9.23822372240458
-2.4558804842681736 -4.637266308369904
-6.384681666962096 -7.2879334234799416
-1.142228204114463 -7.908439828390996
-4.9678286222262695 -5.07742122404633
-4.7013538022799235 -4.298820445880899
-4.694427566762928 -3.4855397723216663
-5.278412768771539 -2.6811737928984996
-4.899677207613203 -4.017540874173296
5.761744583842656 -5.914134394373367
3.9737727006141697 -6.2316033396225885
4.965276820210589 -4.854671909695513
4.640452659779648 -9.77175481756877
5.886993205489696 -8.863339456730706
6.067352129132101 -2.07180255900756
4.980079237437073 -5.346041312636106
4.98309363604874 -8.846204802569996
4.113221119155389 -4.367657900078883
3.427189504633166 -7.8195058019115535
3.50516648504776 -3.765605335276122
3.875216848369619 -5.817223516043146
5.571085543007935 -2.7838475488896255
6.571305162963754 -1.3107949742435334
5.914723500137201 -9.749206773452741
4.95568562572338 -4.679031221195629
5.160909911320545 -5.923143788039353
4.464305931346381 -4.899295777652971
4.979092919816257 -5.2243776598005685
4.617094213365725 -7.967700158932793
1.9443411269629762 -5.8893155629225475
2.9763270448390142 -6.363551040866229
6.4767883375981095 -0.714234196671832
5.317960338575595 -6.650836994377039
4.970364708030548 -5.153890194885994
6.138667104386702 -3.6085944383383954
7.299610454241536 -5.919882752797742
3.746802209742472 -1.363468955050867
5.087647825745314 -3.199921652114937
5.042077786753688 -5.730544666453085
