4.353309857250651 8.914591581328992
5.078791391219976 7.544963878621212
8.446575687202966 3.963961507605034
6.6149052982167 10.83716306272079
8.893403102230936 6.51772517739093
5.8986329887556845 5.840898040705708
4.391470656427099 -0.4789882338071809
8.412807471781488 2.130609577502361
-1.8908302041796272 4.999792280379291
3.3940249252003234 7.939612348015054
4.972468169604234 5.326642721596104
1.2306911538552048 -0.23678903206941904
4.480233222905797 4.522185468356619
-0.7982867227764627 3.5329744874585183
5.039154134023295 3.2308953203651454
2.1762527642250507 7.331777075844304
4.678780141728458 4.897196671482328
5.861187581653411 6.2660607553945304
6.632189572288818 5.428367497004449
8.115410387322424 8.020450837257815
1.002090270594651 0.20199961822098
-1.42450226480093 5.455495259745122
-0.9207730669729122 2.871265415693428
1.9285487951214884 9.691637193159599
-1.4169188874714198 3.070867287973935
5.101428076182125 4.864227763790143
2.9796541265187213 1.853289099355449
5.1379953774114515 4.83439813891424
4.687369548198834 1.644806996431563
5.639450886911857 0.9041052853403517
3.8689748154961805 9.733717682167612
5.766084160580864 4.661624021540575
1.31870618459805 4.2061031988372415
5.988810934686525 6.810071117410088
5.188102247670495 0.28003777057231627
-0.9035600181367265 1.9423840864522806
1.9371789870106801 8.42182936645912
4.438652257960463 4.656839650673662
7.354010769879317 5.083380241627418
5.603162381726273 7.524772486948397
7.320280945098451 -0.8752181675114867
3.80409291545987 -0.6678500887434433
6.1698085607748245 -0.5433322292284348
5.505289264663949 5.595611516624907
4.645644075492981 1.1970034850119422
9.113438897818726 6.002086898015271
-1.0705174970133724 5.214837551920992
10.126814826180443 2.8431441289674133
5.28709850356898 7.079915718426749
8.006346594990228 10.742618945726463
5.3870866845225605 4.860841348414866
1.3233426343961265 4.999889169541139
9.497277713603477 -0.2067265579249673
3.0946212611869197 7.598203057702137
9.805789077541395 3.0776037620370946
10.28958587361533 3.859430615151556
11.66743164754481 3.4383252904157393
1.5339880750524597 0.8403446639045349
3.3527978737312676 7.565195233330136
9.47928564929919 6.838104066868746
3.6819808359258612 8.252803022295756
0.34521568769419897 1.982020191629835
0.7057732497819238 2.2692914971699376
5.744003292989742 2.7773747855487625
1.7658502401206357 1.2554325777058963
-0.9205496415045822 8.406516023735199
4.078604518792866 4.458906399204213
4.707933263247492 4.835365196515131
6.6448755025499855 3.3768689600979753
9.68817633425613 2.018976530546986
5.022697443411295 5.008388166758846
1.7694810880308545 5.057097953473869
11.39208863012918 4.089026462558177
4.985191974422963 6.115237049443414
5.19147760259287 6.387179906578274
7.631690389412329 0.2826226481513867
4.4165308119445275 2.6499017751779586
6.448958008254035 5.1804795724813175
5.346862141549117 6.451927405089138
5.061600108083495 5.005466771720844
3.9339388228314514 4.0199844535664475
5.0187453135160265 4.751320461929401
6.510138547244767 3.1210958175924333
9.98323651552618 0.25378563520834696
3.6346663554630965 4.198201735217726
6.935739675420972 6.15993579776535
8.57263126506146 5.541573282163976
5.515550473402578 1.0051899156095017
5.032550851045395 5.147782823069177
3.3991434183191886 2.245968516640268
4.271848461777475 3.86589597715871
2.5089050562678845 8.27375412134726
-1.1467251543990873 2.6663466103175013
0.9070233628789817 6.851317426699315
2.4032795280175403 6.494079170447004
3.320440681935258 10.169046025649576
4.2918329510831565 10.129250194563955
8.5320438206564 5.439944950168345
7.745345932754979 6.957769354469734
0.2525044668130034 3.708999367500107
-7.348572359873755 0.4155351077076048
-6.738930021328422 2.3942391571746904
0.5626067391324181 0.9586833518616515
-8.826889241943576 5.476553210812567
-4.17818514122308 5.1245784793833975
-5.601131741589188 4.006739645427646
-8.878791957938978 7.765879414611434
-7.680407203348199 10.85679658908914
-9.100591931049209 2.876190789147144
-9.423992968031643 6.459001838668421
-6.667547446493998 3.7884251418442147
-5.42581063776435 6.652193083691985
-4.2318029649310365 -0.9524749191647857
-2.5808085865732155 7.1847382581537005
-9.707668215132404 10.075731629641144
-7.39600350648064 8.035733027234112
-6.330716895095222 3.9207295306046213
-8.04783619088782 6.188000713868732
-7.482448941801099 8.033266542930058
-3.3764758807171384 7.48009383892208
-7.393730049069861 2.63777148638062
-6.698458582142421 1.3736818108324957
-3.0362164521999544 1.3285790172747212
-3.27755251680831 -1.4466308746835228
-4.178392745135129 7.027859773817912
-6.704306570491482 10.24520867464109
-5.544840809825248 3.545417252523645
-6.821538144432208 -1.158419504919082
1.6828622995624363 3.18292565085308
-11.081417212053655 4.187783620460593
-4.400015487637614 4.279986375387108
-11.92904165307593 4.570126517527363
-1.731283902290948 1.9952955291036334
-8.332740258059726 0.36974592888721247
-4.093066415249796 4.753404203265214
-8.502184242535625 10.349581273985281
-1.010380626972855 6.047074000373336
-0.6457923612564374 4.496877639255735
-2.8285338808499887 5.8464802421811655
-0.45495809117045827 -0.16913848606129278
-0.5972939051683204 4.805154548103785
-8.81137326578216 1.2387844828301802
-6.042469157261287 4.582958398531172
-2.7501996554019112 4.235886563211998
-3.817247496517796 -1.1408023298989747
-1.6553562684881862 3.7302945975119073
-5.258944967474793 2.9930545634093995
0.8953190681547873 6.944431903465697
-5.717531969217567 8.911510804593707
-9.619335937766232 3.7438501888631905
-4.846697499693387 6.501288359853353
-5.691271612750603 11.76759060903278
-2.445856150378365 5.9439206058795575
-6.4590447825491495 5.155516478678356
-7.946879373957673 0.13082033545406446
-5.070442168250002 5.1653745431554565
-3.978303561455312 4.470874406255244
-2.4831107005554944 5.044560768164407
-0.29848601385927154 3.3097937157746324
-4.670771184757243 6.494718638368122
-5.958590797308479 4.957547807317531
-8.89123352233539 4.827672667287764
-3.7489243442539273 6.6442449547727325
-1.872613839571632 5.389541528465843
-4.444691937859941 7.75218535033159
-1.3549996673578293 10.904081108337909
-11.888432175432087 3.767864948947711
-3.950176724385531 7.294088456679535
-4.475348387714517 6.522583759194084
-4.619522875090536 5.292184009881077
-9.165572299170552 0.0007832005948733567
-5.636985862393727 8.472426581694258
-5.957253882900959 8.133765674427444
-5.121740763165579 3.9038881756422574
-0.6044546221253304 4.373565394103801
-5.013667427439628 4.9352249595073046
-1.8859078698982756 7.480295815654063
-5.1550085518349755 8.181533471928308
-5.741620478533403 4.953990321643015
-5.344807390488628 6.708648563307301
-5.528440846650551 4.459717909873081
-5.648678844347476 4.131619981410133
-2.542828284420124 10.769095943887649
-5.135475516416809 5.567010227844199
-5.822356784040011 9.482946522244918
-5.965797630409075 4.593653752249388
-7.295857027589106 2.143333842826497
-5.381444289618212 5.303791960958026
-5.00093541169697 5.009157736697455
-7.8364302530825665 -0.5367742279791008
-0.9733997519886346 7.130898102038796
-5.2086264463492045 11.732078292883227
0.16972475975551315 5.183114242777131
-4.444082304963497 5.145900375548491
-10.189554286761002 3.439852659666281
-5.076465936885437 4.815967157922193
-2.604470274732808 5.127342855133216
-4.587701474280628 4.405293402960973
-3.4142526247017964 7.469655211640658
-11.260777470615597 6.292098616336705
-7.107471192590349 -7.71948412455752
-5.192369352462199 -5.911710170061968
-11.765996965393601 -4.278826780787304
-3.654461670407681 -8.407057777121219
-4.312559814081228 -4.026870910805547
-11.083631501608863 -4.5686723738582415
-5.347723714706725 -5.262171267974615
-3.703465085727216 -7.9706202632351335
-1.954611700004889 -6.577173837185463
-5.952557761373313 -5.059096097648093
-8.811872940927431 -2.982883806708842
-3.755306774004307 -4.4236807323411
-10.527508189990701 -6.987341469766361
-5.473290324327401 -10.079416850441344
-7.29490896794114 -5.689923628272907
-6.283810055464168 -11.084455080881447
-10.769324648276124 -7.190370267652644
-2.940756124672825 -2.77962236332932
-4.422942163320067 -5.633326618609931
-0.922494786414803 -6.031519508467337
-7.314422142792105 -9.941439963306257
-7.453126533715528 1.376225672861625
-1.9261260663134454 -2.0198195607198346
-6.576910547165075 -7.456055506751174
-4.8437996766216465 -6.000514804261602
-8.94876892106585 -2.2883672358026623
-9.327738561042036 -8.978431220979177
-4.484539153540468 -0.7057694750820742
1.6042573938051605 -4.413897658934408
-9.024709999755363 -6.288069755461526
-5.073811099728831 -4.943320962255498
-1.9358678157407319 -8.677123117053052
-4.875990389819841 -4.708842758299206
-4.875348088912046 -5.036274477894536
-1.907315504703531 0.2137259851413793
-2.4479298484286303 -6.854116976885361
-6.71234133531293 -5.106232603272929
-8.747893909753664 -0.8127969645044697
-3.6398858798600355 -3.4251349599335965
-4.679297420884348 -6.5197024559565335
-8.013555459588037 -3.5394441806236765
-10.228291148566154 -1.4097150624381927
-7.807756024747719 -0.266938822529478
-6.301626897193712 -10.242695112436236
-5.131909890172053 -0.7434557133879149
-10.545292686301705 -6.093528230243492
-2.189662267974498 -7.676667116260089
-6.517002997813552 -1.256115183586147
-5.733947811902988 -3.857019792178515
-9.492645109677007 -9.43352180993654
-3.033816665264017 -5.280212164027425
-4.021270803874159 1.6564700256120704
-9.530419541873293 -4.51711222128714
-4.121204164266583 -8.289082786248215
-3.0108222691965114 -5.15873923569594
-1.4589886646825945 -2.6593701143927078
-9.119795427674585 -7.671113972449257
-5.732504814041445 -6.429865505012028
-6.506797750550799 -7.393025493584286
-6.114992121995873 -6.223788855229421
-7.439859130129419 -8.656092715245798
-2.431351351732345 -7.446473707303721
-5.207762219309124 -3.495179343003429
-4.363542311228151 -5.281120540363223
-3.4768931464850965 -4.837608846657097
-7.8701659470458285 -1.7934077497310765
-6.119284581034661 -3.290294450463202
-6.4357293328690055 -2.6745980679912886
-5.389404496283294 -1.187706592382899
-2.9300889087609665 -4.357686590988237
-7.217752753199664 -5.296196601730783
-0.35749293976792273 -3.6933100431568926
-4.309398793085116 -4.058226295192331
-0.9437794226007368 -2.6660031889933347
-0.4136961859293615 -5.20297072299124
-3.6040393054166664 -5.616589651928553
-1.724555509634675 -3.9196719140274263
-1.7065785182803794 -9.57533668022744
-1.8161558613398823 -3.6934888020675802
-8.152092125452377 -4.172836250794286
-7.4835819985012595 -2.322242110419061
-7.71310665120925 -5.120152756158955
-4.283096145501014 -3.033230107585485
-6.864521090293049 -4.900941150464728
-3.582693636443732 -3.76489122857655
-11.374753453876112 -7.040178577577224
-5.38868337615532 -7.490138278786
-3.4988341430224796 -8.801124572433212
-4.207747205213961 -6.9065761360256905
-7.1325404424601295 -2.1974520360977787
-3.807695805130704 -5.7288241826442015
-3.7889707180201113 -2.3536419309575094
-4.828899809760441 -9.293337508615458
-0.8497125155188465 -6.575546714071846
-0.3041937700138444 -5.542593581207807
0.46622998381848024 -8.341362562712833
-7.918206059568145 -8.502218593114758
-7.767830362132299 -3.748066984529065
0.21104805646163438 -4.722988309956284
-6.625802141561378 -3.1836295727195827
7.708452314797348 -3.7748262556683407
5.593134779737496 -4.672540566262196
1.8027365321227231 -2.2631635705311655
7.264161601682323 -2.131132656290716
7.898035749037314 -1.9840788788199712
-0.5292279221061262 -5.7384675854240035
6.300574430411054 -4.4116825923117835
3.959408402803466 -3.6324724240105795
6.374075425173384 -5.742756864208194
7.531285113283907 -5.736619640125663
6.774894563351792 -1.1214756576764073
6.251288227820774 -2.2006668467511727
7.3642891581160015 -7.688938479456654
1.0012372985400488 -4.787552506199369
6.3517574091101725 -10.059243392724117
8.559103516295234 -3.684682091031352
5.04850192864118 -3.4333865093122986
1.0335566570713444 -2.990144790200674
5.711320279888666 -2.428894147467724
6.875736406861151 -4.381332601369359
4.437092204062445 -2.815854549601409
5.157982812008683 -4.217014823918
6.32268228066645 -9.471347298289393
6.377686349042837 -5.1345229310930405
4.308747023722389 -6.845465015290602
3.969614151559373 -6.053474619460741
1.615407016637584 0.1699607987352696
4.770561752634251 -10.761552191914372
1.7286114200370766 -1.472841812685469
-0.22405808944402406 -7.944744021562297
6.730411032967556 -1.1287920195893903
4.459625950869949 0.2902943977491743
8.07481554010603 -9.271641635808747
11.07011562488032 -5.484403932317437
8.21222266801234 -0.4528301032695543
-1.2774891454065322 -3.819905427982549
5.622420096919735 -4.485990103758532
3.66088208800643 -3.701777501582252
9.896355125205563 -5.875659566616516
11.041065281361469 -6.528257197290001
7.391429593582441 -9.286703272046188
4.617125178091477 -2.396561687553158
4.256117271467187 0.05818791054515948
2.690974939070866 -5.061328901176129
6.151594108580208 1.2787976463017454
4.4926661469498725 -1.550276187793953
3.8480334091351107 -7.350285104184061
8.04886011723086 -0.9929898383522451
2.8760796122548027 -10.670313047986165
6.61706952891961 -2.5297661869331183
3.759683076095123 -3.938296898102272
6.794299883371257 -4.30054658167254
4.008123580643739 -9.700872604691277
0.8508400646381205 -4.705825820494084
2.368171295272849 -10.137387506339198
4.55717565117374 -5.270705209717803
2.7163585184517256 -10.496107799813586
5.658711230902929 -5.673430947153411
4.746941137102014 -3.167095992759121
4.8167326757356665 -4.75915323515539
0.6580523906033493 -3.127933698481718
8.65084876534078 -3.3095798684921274
5.028511692765276 -5.256638929900396
4.012100858213847 -4.634941505765873
5.128225467774498 -5.126530388791185
4.4289020524644105 -3.7224653459130486
11.32774875562194 -6.131648663407249
5.066105978060997 -7.986872218140993
3.6032137476079544 -9.722380218732852
10.075825481282347 -2.9171019242050775
6.035619998087056 -8.500928944302354
7.224058863251994 -5.7553707002040175
5.17845238211971 -3.9195765973400625
8.170978408021936 -7.5716457816293
5.923889808629196 -4.8599480330057085
1.9267312264904248 -5.136102911173744
4.366791530564458 -5.460064547579978
3.710706720922425 -11.11044212439478
5.083438419515663 -4.39552147394033
8.129621989406635 -4.666324839118005
5.551463359409948 -3.7662877101570915
11.470808189957005 -5.286371045159238
4.087956316281413 -9.322515470079423
6.702689577351922 -3.406704018836627
6.860604128300288 -2.9938054707003916
5.546667645037707 -5.443344407441552
4.769883294623443 -4.107121346095773
2.9164414451852134 -3.1843976025317557
5.869055390060298 -1.0544362183498737
11.874818363153295 -4.634544714827715
1.7104189044358167 -0.9805109747028498
7.2111615211783935 -3.1739681772830024
6.743220149779091 -1.6701613595134837
5.068459940576038 -5.00424514098764
5.219592895399111 -5.021441948638614
5.349778897587289 -9.640245392774212
0.6167954539625962 -9.98538167981973
10.202775257038235 -5.835699815273029
4.887232813649463 -6.9588660355623375
7.814624261837095 1.1505561735534124
