5.053596332540524 3.6551321509445374
3.460296668664122 5.191735511497131
4.165061805419903 5.059196864462957
5.7422923256965674 3.968781455983722
6.641486044927358 6.769930676367622
5.152901423188451 4.809761081823252
2.193897778857806 4.625225156044845
2.4082547875392235 4.793096390892957
5.030305652241303 4.842654300587325
4.660348305850407 5.089130506842825
-4.566973541804561 3.778647588082645
-7.892526258192449 4.268161438137273
-3.768543928755647 3.411026088624812
-4.1980277044716265 2.1982957049698295
-3.267277916711098 5.783800250449695
-4.482177695783611 3.061938441353554
-3.210698519378763 3.2343522239606557
-5.561036589824726 3.2196950162230453
-3.942653877730036 4.173091290508984
-3.4160955068991905 4.031800858758848
-5.903836306250415 -2.9781363112237518
-5.309122710900371 -3.3148669669023905
-6.400562518199354 -4.425319368134163
-5.561141209201057 -7.913895032028964
-4.649093269813812 -4.946806234536748
-2.744409628043732 -6.700527978697349
-3.1194064329644187 -5.973939176266149
-4.924886145574144 -2.573820650480526
-6.570763688280031 -3.4772059715137535
-5.3089911436038735 -5.049641497052955
3.044275114702374 -6.735007336429874
4.604900616858964 -5.256166962981897
3.4713936496720343 -6.356092184677962
4.483699752909141 -5.315622135586136
6.272267685011468 -5.824834056415316
6.03979107368696 -3.471368259076442
4.987552660196036 -5.018652154060653
3.9001996918097364 -2.418038398765645
4.961294744139694 -5.672344620418398
5.935140631996655 -4.281867103772601
